City_ID,City,Lat,Lng,Max Temp,Humidity,Cloudiness,Wind Speed,Country,Date
0,puerto deseado,-47.7503,-65.8938,284.45,53,62,8.33,AR,1697586965
1,ushuaia,-54.8,-68.3,284.96,86,20,6.17,AR,1697586683
2,kingston,17.997,-76.7936,303.68,80,20,3.09,JM,1697586965
3,edinburgh of the seven seas,-37.0676,-12.3116,285.85,75,100,5.55,SH,1697586965
4,grytviken,-54.2811,-36.5092,274.28,81,54,5.65,GS,1697586965
5,monte argentario,42.4345,11.1195,292.04,76,99,3.04,IT,1697586814
6,crane,31.3974,-102.3501,296.56,27,0,7.34,US,1697586966
7,bethel,41.3712,-73.414,287.08,80,100,0.0,US,1697586966
8,sola,-13.8833,167.55,298.98,80,100,6.83,VU,1697586815
9,georgetown,5.4112,100.3354,300.34,95,20,1.54,MY,1697586881
10,avarua,-21.2078,-159.775,298.18,61,70,7.2,CK,1697586966
11,tiksi,71.6872,128.8694,257.28,100,100,1.42,RU,1697586966
12,sisimiut,66.9395,-53.6735,265.86,81,88,3.49,GL,1697586966
13,ribeira grande,38.5167,-28.7,294.69,96,97,8.49,PT,1697586966
14,port-aux-francais,-49.35,70.2167,275.43,73,96,6.22,TF,1697586815
15,mpika,-11.8343,31.4529,290.09,91,100,1.39,ZM,1697586967
16,porto novo,6.4965,2.6036,297.2,88,87,0.54,BJ,1697586967
17,west island,-12.1568,96.8225,299.14,83,40,5.66,CC,1697586967
18,invercargill,-46.4,168.35,288.16,60,87,4.47,NZ,1697586967
19,ulaangom,49.9811,92.0667,275.83,45,17,0.81,MN,1697586967
20,santa cruz,-17.8,-63.1667,305.18,45,38,4.12,BO,1697586712
21,lamar,33.6668,-95.5836,295.1,49,0,2.57,US,1697586968
22,nova sintra,14.8667,-24.7167,298.75,71,0,3.42,CV,1697586968
23,ulsteinvik,62.3432,5.8487,281.9,91,89,2.24,NO,1697586968
24,severo-yeniseyskiy,60.3725,93.0408,270.14,98,90,1.34,RU,1697586968
25,stanley,54.868,-1.6985,283.02,90,20,2.57,GB,1697586711
26,gadzhiyevo,69.2551,33.3362,275.39,73,99,5.6,RU,1697586968
27,port mathurin,-19.6833,63.4167,296.88,80,8,3.8,MU,1697586968
28,ancud,-41.8697,-73.8203,282.68,85,24,1.41,CL,1697586969
29,aroma,15.8167,36.1333,302.79,53,28,1.37,SD,1697586969
30,albany,42.6001,-73.9662,285.33,81,70,2.04,US,1697586969
31,marghita,47.35,22.3333,276.11,58,89,1.07,RO,1697586969
32,portland,45.5234,-122.6762,293.21,73,75,4.12,US,1697586961
33,alofi,-19.0595,-169.9187,299.09,57,40,10.29,NU,1697586818
34,bilibino,68.0546,166.4372,258.13,96,100,1.57,RU,1697586969
35,plavsk,53.7094,37.2919,278.02,80,47,6.8,RU,1697586818
36,vila velha,-20.3297,-40.2925,298.12,85,0,5.14,BR,1697586970
37,leh,34.1667,77.5833,274.23,83,100,1.08,IN,1697586818
38,college,64.8569,-147.8028,275.07,82,75,2.06,US,1697586745
39,adamstown,-25.066,-130.1015,295.54,86,100,4.23,PN,1697586970
40,ust-nera,64.5667,143.2,257.71,85,80,1.34,RU,1697586970
41,waitangi,-43.9535,-176.5597,285.83,70,43,3.58,NZ,1697586970
42,whitehorse,60.7161,-135.0538,283.58,73,75,3.6,CA,1697586793
43,naracoorte,-36.9579,140.7383,293.51,38,2,3.61,AU,1697586971
44,harwich,51.9419,1.2844,285.37,76,100,0.89,GB,1697586971
45,nantucket,41.2835,-70.0995,286.01,84,100,0.0,US,1697586700
46,klaksvik,62.2266,-6.589,281.66,87,100,7.86,FO,1697586971
47,hotan,37.0997,79.9269,283.77,32,96,2.44,CN,1697586971
48,manicore,-5.8092,-61.3003,301.04,58,96,0.91,BR,1697586971
49,puerto baquerizo moreno,-0.9,-89.6,298.7,83,20,3.6,EC,1697586971
50,isafjordur,66.0755,-23.124,279.74,92,98,5.88,IS,1697586820
51,east london,-33.0153,27.9116,289.98,79,0,7.21,ZA,1697586972
52,khandyga,62.6667,135.6,267.4,73,100,0.81,RU,1697586972
53,kununurra,-15.7667,128.7333,303.14,25,1,1.54,AU,1697586854
54,port lincoln,-34.7333,135.8667,292.89,48,1,4.17,AU,1697586972
55,pama,11.2497,0.7075,298.25,77,100,1.8,BF,1697586972
56,maamba,-17.3667,27.15,296.05,81,75,1.69,ZM,1697586973
57,puerto natales,-51.7236,-72.4875,279.06,92,100,1.57,CL,1697586821
58,al khums,32.6486,14.2619,298.36,40,0,4.93,LY,1697586973
59,fort mcmurray,56.7268,-111.381,283.92,66,0,4.63,CA,1697586821
60,tofol,5.3248,163.0078,301.03,78,100,2.06,FM,1697586973
61,sabinanigo,42.5192,-0.3661,290.33,92,47,2.65,ES,1697586973
62,uttarkashi,30.7333,78.45,284.66,63,2,2.84,IN,1697586973
63,ilulissat,69.2167,-51.1,263.16,67,100,2.06,GL,1697586703
64,kill devil hills,36.0307,-75.676,290.36,65,100,2.06,US,1697586877
65,barguzin,53.6167,109.6167,277.36,93,95,2.24,RU,1697586822
66,hermanus,-34.4187,19.2345,288.86,92,2,2.43,ZA,1697586822
67,iqaluit,63.7506,-68.5145,271.0,74,75,1.54,CA,1697586694
68,talnakh,69.4865,88.3972,271.6,96,100,7.59,RU,1697586823
69,princeville,45.7668,-61.2985,280.73,95,100,2.57,CA,1697586823
70,chonchi,-42.6128,-73.8092,285.71,91,61,1.39,CL,1697586823
71,qaqortoq,60.7167,-46.0333,272.4,51,7,5.58,GL,1697586975
72,ternate,0.8,127.4,301.38,74,10,1.37,ID,1697586975
73,carnarvon,-24.8667,113.6333,297.63,36,0,9.1,AU,1697586823
74,santo tome,-31.6627,-60.7653,292.62,33,69,3.58,AR,1697586829
75,geraldton,-28.7667,114.6,291.38,72,7,6.69,AU,1697586975
76,kapa'a,22.0752,-159.319,302.14,68,100,4.12,US,1697586975
77,jiuquan,39.7432,98.5174,275.86,93,100,5.19,CN,1697586824
78,olinda,-8.0089,-34.8553,299.0,69,0,6.17,BR,1697586975
79,wailua homesteads,22.0669,-159.378,301.39,68,100,4.12,US,1697586976
80,port elizabeth,-33.918,25.5701,288.88,95,0,1.54,ZA,1697586806
81,jamestown,42.097,-79.2353,282.92,87,100,2.57,US,1697586976
82,flying fish cove,-10.4217,105.6791,298.97,88,75,4.12,CX,1697586976
83,yellowknife,62.456,-114.3525,275.44,100,100,3.6,CA,1697586678
84,aranda de duero,41.6704,-3.6892,290.39,76,89,7.86,ES,1697586976
85,tashtyp,52.7939,89.8983,279.35,87,99,0.25,RU,1697586976
86,masterton,-40.9597,175.6575,288.64,66,81,1.19,NZ,1697586825
87,utrik,11.2278,169.8474,300.95,81,89,8.4,MH,1697586977
88,blackmans bay,-43.0167,147.3167,291.22,49,40,0.45,AU,1697586977
89,pearsall,28.8922,-99.095,299.81,43,0,3.46,US,1697586977
90,malvan,16.0667,73.4667,300.09,84,68,3.15,IN,1697586826
91,dieppe,49.75,1.1667,284.44,81,100,0.45,FR,1697586977
92,horta,38.5333,-28.6333,294.27,96,96,8.49,PT,1697586977
93,san patricio,28.017,-97.5169,297.55,39,0,3.4,US,1697586701
94,pundong,-7.9522,110.3486,299.0,77,91,2.27,ID,1697586978
95,vorgashor,67.5833,63.95,274.89,97,100,4.48,RU,1697586978
96,kimbe,-5.5502,150.1429,304.43,63,83,1.72,PG,1697586978
97,sitka,57.0531,-135.33,287.09,54,100,9.26,US,1697586978
98,karratha,-20.7377,116.8463,304.18,18,0,2.71,AU,1697586978
99,ebon,4.582,168.6964,301.0,75,78,5.31,MH,1697586978
100,puerto leguizamo,-0.1934,-74.7819,299.3,74,89,0.87,CO,1697586979
101,udachny,66.4167,112.4,263.4,85,87,5.14,RU,1697586979
102,calama,-22.4667,-68.9333,292.42,32,0,9.26,CL,1697586827
103,lata,40.1629,-8.3327,293.6,92,100,5.58,PT,1697586979
104,na klang,17.3072,102.1889,296.6,90,100,1.04,TH,1697586979
105,kidal,18.4411,1.4078,304.13,18,45,3.25,ML,1697586979
106,lihue,21.9789,-159.3672,301.73,68,100,4.12,US,1697586979
107,san rafael,-34.6177,-68.3301,290.69,22,19,5.42,AR,1697586980
108,nabire,-3.3667,135.4833,302.58,66,66,0.45,ID,1697586980
109,haiku-pauwela,20.9219,-156.3051,303.16,48,0,3.6,US,1697586828
110,natal,-5.795,-35.2094,299.27,73,0,5.14,BR,1697586980
111,thompson,55.7435,-97.8558,284.24,71,40,2.57,CA,1697586980
112,franklin,39.9667,-83.0166,285.68,75,100,1.54,US,1697586167
113,hami,42.8,93.45,279.56,60,0,0.86,CN,1697586980
114,tarauaca,-8.1614,-70.7656,299.03,77,73,1.26,BR,1697586981
115,belmonte,-15.8631,-38.8828,296.17,78,14,3.12,BR,1697586829
116,ha'il,27.5219,41.6907,295.16,37,0,1.03,SA,1697586981
117,aasiaat,68.7098,-52.8699,256.23,89,37,2.57,GL,1697586829
118,altai,46.3722,96.2583,270.89,35,9,1.35,MN,1697586829
119,iquique,-20.2208,-70.1431,292.17,81,65,0.43,CL,1697586981
120,kayyerkan,69.3786,87.7439,271.65,100,100,6.82,RU,1697586981
121,brezina,33.0989,1.2608,293.07,30,4,0.35,DZ,1697586830
122,brisas barra de suchiate,14.55,-92.2167,300.62,76,100,0.8,MX,1697586982
123,san antonio de pale,-1.4014,5.6325,298.52,81,61,3.35,GQ,1697586982
124,barinas,8.6226,-70.2075,297.1,90,86,2.36,VE,1697586982
125,pisco,-13.7,-76.2167,292.18,88,0,7.72,PE,1697586830
126,dubbo,-32.25,148.6167,294.22,40,0,7.72,AU,1697586688
127,memari,23.2,88.1167,296.47,77,1,1.55,IN,1697586982
128,kishanganj,26.1167,87.9333,295.02,85,0,0.97,IN,1697586982
129,kodiak,57.79,-152.4072,281.88,87,100,5.14,US,1697586982
130,ola,59.5833,151.2833,271.16,42,0,5.68,RU,1697586725
131,papatowai,-46.5619,169.4708,288.11,53,75,7.75,NZ,1697586689
132,tralee,52.2704,-9.7026,285.86,93,100,7.59,IE,1697586831
133,taltal,-25.4,-70.4833,289.75,81,64,0.6,CL,1697586831
134,st. john's,47.5649,-52.7093,278.59,90,100,2.57,CA,1697586945
135,hamilton,39.1834,-84.5333,285.26,75,75,3.09,US,1697586983
136,kavaratti,10.5669,72.642,301.29,74,92,2.15,IN,1697586983
137,puerto rico,-26.796,-55.024,294.1,76,75,2.59,AR,1697586983
138,dowlatabad,32.7998,51.6955,283.97,43,0,0.0,IR,1697586832
139,motygino,58.1831,94.7592,274.7,91,54,1.79,RU,1697586984
140,punta arenas,-53.15,-70.9167,283.21,66,75,7.2,CL,1697586791
141,bubaque,11.2833,-15.8333,300.78,79,38,3.85,GW,1697586832
142,klyuchi,52.2667,79.1667,280.69,52,25,3.24,RU,1697586984
143,phan thiet,10.9333,108.1,299.46,86,92,1.88,VN,1697586984
144,allende,25.2833,-100.0167,292.07,64,1,1.63,MX,1697586833
145,nizhnesortymskiy,62.4397,71.7603,279.38,93,34,6.79,RU,1697586984
146,mymensingh,24.75,90.4,294.36,89,0,2.35,BD,1697586985
147,poisy,45.9231,6.0644,285.47,87,75,1.03,FR,1697586985
148,mount pearl,47.5166,-52.7813,278.13,90,100,2.57,CA,1697586985
149,choibalsan,48.0667,114.5,276.89,45,76,7.19,MN,1697586733
150,novaya igirma,57.1334,103.9112,273.66,89,98,2.25,RU,1697586833
151,wanning,18.8003,110.3967,299.25,91,99,3.26,CN,1697586985
152,bredasdorp,-34.5322,20.0403,287.53,93,0,1.25,ZA,1697586985
153,puerto ayora,-0.7393,-90.3518,297.34,91,75,2.68,EC,1697586697
154,simanggang,1.2472,111.4528,298.16,100,98,1.03,MY,1697586834
155,latur,18.4,76.5833,294.56,74,24,2.41,IN,1697586986
156,chibougamau,49.9168,-74.3659,280.94,66,0,2.06,CA,1697586834
157,new norfolk,-42.7826,147.0587,291.88,32,45,1.45,AU,1697586986
158,iwon-up,40.3231,128.6553,288.53,49,99,2.11,KP,1697586986
159,qaisumah,28.3112,46.1273,296.13,27,20,2.06,SA,1697586986
160,ilha solteira,-20.4328,-51.3425,303.66,31,100,1.8,BR,1697586947
161,san fernando,15.0286,120.6898,299.0,76,30,3.31,PH,1697586729
162,margaret river,-33.95,115.0667,289.61,69,94,4.2,AU,1697586737
163,lucapa,-8.4192,20.7447,292.5,97,100,1.41,AO,1697586987
164,dej,47.15,23.8667,274.66,58,90,0.89,RO,1697586987
165,kruisfontein,-34.0033,24.7314,289.79,59,0,2.89,ZA,1697586835
166,alexandria,31.2156,29.9553,294.45,62,0,3.45,EG,1697586701
167,tamulte de las sabanas,18.2167,-92.7833,297.09,79,75,1.48,MX,1697586836
168,afaahiti,-17.75,-149.2833,300.08,84,95,7.79,PF,1697586987
169,nar'yan-mar,67.6713,53.087,274.32,89,100,4.02,RU,1697586987
170,williston,48.147,-103.618,284.28,80,84,2.24,US,1697586781
171,letlhakane,-21.4167,25.5833,291.24,69,0,5.37,BW,1697586988
172,olonkinbyen,70.9221,-8.7187,273.61,78,100,2.83,SJ,1697586988
173,cabo san lucas,22.8909,-109.9124,306.82,67,19,3.56,MX,1697586777
174,dapa,9.7594,126.0531,301.44,73,81,1.44,PH,1697586837
175,tsiombe,-25.3,45.4833,295.14,93,100,2.64,MG,1697586714
176,al bawiti,28.3492,28.8659,293.37,71,0,3.04,EG,1697586837
177,mancio lima,-7.6142,-72.8958,298.19,88,75,0.0,BR,1697586837
178,selkirk,50.1436,-96.8845,288.25,62,100,1.79,CA,1697586837
179,lorengau,-2.0226,147.2712,302.7,67,82,1.94,PG,1697586735
180,petropavlovsk-kamchatsky,53.0452,158.6483,279.51,88,75,4.0,RU,1697586989
181,labrador city,52.9463,-66.9114,276.1,75,100,4.63,CA,1697586989
182,galliano,29.4422,-90.2992,294.15,55,0,0.0,US,1697586988
183,fortuna,40.5982,-124.1573,291.44,90,0,5.14,US,1697586838
184,nungua,5.6011,-0.0771,296.38,94,0,2.06,GH,1697586989
185,queenstown,-31.8976,26.8753,284.65,78,0,0.94,ZA,1697586959
186,naze,28.3667,129.4833,293.66,56,0,2.39,JP,1697586989
187,anadyr,64.75,177.4833,267.43,73,58,7.0,RU,1697586838
188,chernyshevskiy,63.0128,112.4714,267.06,98,75,1.33,RU,1697586838
189,sinabang,2.4803,96.3801,298.84,85,99,3.06,ID,1697586990
190,ciudad bolivar,8.1222,-63.5497,302.92,58,70,5.6,VE,1697586707
191,the pas,53.8251,-101.2541,286.16,62,100,0.0,CA,1697586990
192,newcastle west,52.4492,-9.0611,285.62,93,100,6.71,IE,1697586839
193,iskateley,67.6803,53.1512,274.27,89,100,4.02,RU,1697586990
194,marquette,46.5333,-87.6335,278.9,82,13,0.45,US,1697586990
195,tazovsky,67.4667,78.7,277.14,98,100,5.86,RU,1697586839
196,clinton,42.587,-82.9199,283.75,76,100,1.54,US,1697586840
197,st. paul,44.9444,-93.0933,289.38,65,0,0.45,US,1697586840
198,vilyuchinsk,52.9306,158.4028,280.33,96,100,2.71,RU,1697586708
199,mossel bay,-34.1831,22.146,290.33,80,0,2.95,ZA,1697586991
200,woolgoolga,-30.1106,153.2007,293.17,61,88,6.65,AU,1697586991
201,alice springs,-23.7,133.8833,295.9,14,0,5.14,AU,1697586703
202,salinas,36.6777,-121.6555,302.91,73,0,5.66,US,1697586840
203,razole,16.4833,81.8333,296.25,83,62,1.28,IN,1697586840
204,rio grande,-32.035,-52.0986,287.21,73,55,7.6,BR,1697586798
205,ciudad insurgentes,25.2625,-111.7753,303.5,40,0,5.76,MX,1697586992
206,ghadamis,30.1337,9.5007,298.53,17,18,4.72,LY,1697586992
207,tabou,4.423,-7.3528,297.92,91,31,1.45,CI,1697586841
208,brookings,44.3114,-96.7984,292.15,45,0,5.14,US,1697586788
209,tolga,34.7222,5.3785,296.6,23,44,1.35,DZ,1697586992
210,balsas,-7.5325,-46.0356,301.13,27,6,1.12,BR,1697586841
211,ivnya,51.0629,36.1343,274.55,76,1,4.7,RU,1697586992
212,buka,40.8108,69.1986,287.17,31,81,2.05,UZ,1697586842
213,paraiso,9.8383,-83.8656,292.83,98,100,0.98,CR,1697586842
214,lompoc,34.6391,-120.4579,301.49,77,75,7.6,US,1697586993
215,cave creek,33.8333,-111.9508,309.05,15,0,1.79,US,1697586993
216,macau,22.2006,113.5461,299.04,83,40,7.72,MO,1697586993
217,pangai,-19.8,-174.35,300.21,65,40,10.29,TO,1697586842
218,tayshet,55.9342,98.0044,275.16,93,95,2.17,RU,1697586993
219,awjilah,29.1081,21.2869,294.27,49,0,3.36,LY,1697586993
220,susuman,62.7833,148.1667,255.92,73,18,0.89,RU,1697586994
221,novodvinsk,64.4165,40.8122,276.92,78,100,4.49,RU,1697586994
222,yuzhno-kurilsk,44.0306,145.8556,283.91,75,65,9.12,RU,1697586994
223,nemuro,43.3236,145.575,286.24,66,33,8.38,JP,1697586994
224,ilebo,-4.3167,20.5833,294.75,99,70,0.58,CD,1697586994
225,la'ie,21.6477,-157.9253,305.13,67,3,3.58,US,1697586906
226,pauini,-7.7136,-66.9764,297.06,90,86,0.88,BR,1697586844
227,manggar,-2.8833,108.2667,300.7,80,100,4.67,ID,1697586994
228,hirara,24.8,125.2833,298.07,64,75,4.12,JP,1697586995
229,atafu village,-8.5421,-172.5159,301.61,73,97,3.18,TK,1697586722
230,aktau,43.65,51.2,280.47,60,63,3.79,KZ,1697586995
231,selfoss,63.9331,-20.9971,283.17,91,100,12.46,IS,1697586995
232,namibe,-15.1961,12.1522,290.53,83,69,1.06,AO,1697586844
233,san luis de la loma,17.2706,-100.8939,299.62,88,100,1.23,MX,1697586995
234,ath thawrah,35.8469,38.5443,293.36,65,1,4.24,SY,1697586996
235,menaka,15.9182,2.4022,305.74,19,90,2.12,ML,1697586996
236,island harbour,50.724,-1.2758,287.05,83,100,4.47,GB,1697586727
237,mejit,10.2753,170.8646,300.67,80,91,5.59,MH,1697586996
238,terra santa,-2.1042,-56.4869,299.94,68,52,1.25,BR,1697586845
239,vovchans'k,50.3003,36.9467,274.82,69,2,4.14,UA,1697586996
240,bodden town,19.2833,-81.25,302.15,74,75,6.17,KY,1697586996
241,nogales,31.3086,-110.9422,304.91,19,0,4.12,MX,1697586840
242,el charco,2.4769,-78.1105,298.48,90,90,1.51,CO,1697586997
243,price,39.5994,-110.8107,295.74,18,0,2.06,US,1697586997
244,zouerate,22.7187,-12.4521,303.03,21,35,3.13,MR,1697586997
245,reuleuet,5.2167,96.2833,299.25,78,100,0.89,ID,1697586997
246,madras,13.0878,80.2785,301.46,75,20,1.03,IN,1697586976
247,mathba,22.2855,89.9629,295.52,81,15,1.65,BD,1697586846
248,el copey,10.1503,-73.9614,298.92,84,76,2.32,CO,1697586847
249,tanout,14.9709,8.8879,302.67,21,22,3.74,NE,1697586998
250,chela,34.069,104.4619,277.83,97,100,1.51,CN,1697586998
251,fale old settlement,-9.3852,-171.2468,301.26,75,46,3.61,TK,1697586998
252,altar,30.7,-111.8167,308.1,21,2,6.44,MX,1697586998
253,korla,41.7597,86.1469,280.09,33,0,1.58,CN,1697586847
254,uray,60.1247,64.7758,281.97,72,6,5.81,RU,1697586848
255,marbella,36.5154,-4.8858,295.83,88,36,3.58,ES,1697586998
256,east ballina,-28.8667,153.5833,290.26,62,99,6.69,AU,1697586999
257,happy valley-goose bay,53.3168,-60.3315,278.32,75,75,1.54,CA,1697586848
258,rabaul,-4.1967,152.1721,301.64,70,87,0.58,PG,1697586999
259,mu'minobod,38.1085,70.0285,282.5,35,100,1.74,TJ,1697586848
260,luanda,-8.8368,13.2343,297.15,88,75,2.57,AO,1697586977
261,fort-shevchenko,44.5086,50.263,285.33,55,47,4.07,KZ,1697586999
262,seryshevo,51.0933,128.3786,275.49,64,21,3.18,RU,1697586999
263,kerikeri,-35.2268,173.9474,292.54,88,100,0.45,NZ,1697586849
264,general pico,-35.6566,-63.7568,286.93,26,1,4.39,AR,1697587000
265,grand falls-windsor,48.9332,-55.6649,276.76,92,100,0.81,CA,1697587000
266,troy,42.6056,-83.1499,283.53,79,100,0.0,US,1697587000
267,ta`u,-14.2336,-169.5144,299.38,82,72,8.23,AS,1697587000
268,egilsstadir,65.2653,-14.3948,279.1,75,75,1.54,IS,1697587000
269,hammerfest,70.6634,23.6821,271.4,100,20,1.03,NO,1697587000
270,cabedelo,-6.9811,-34.8339,297.52,72,43,7.02,BR,1697587001
271,caldicot,51.5866,-2.7574,285.33,78,100,7.02,GB,1697587001
272,huarmey,-10.0681,-78.1522,293.5,85,66,4.42,PE,1697586850
273,enewetak,11.3474,162.3373,301.67,77,97,7.1,MH,1697587001
274,livorno,43.2333,10.5833,295.75,88,100,1.83,IT,1697587001
275,mermoz boabab,14.7065,-17.4758,300.03,89,20,1.03,SN,1697587001
276,pontian kechil,1.4866,103.3896,300.93,92,100,4.14,MY,1697586851
277,taulaga,-11.0553,-171.0883,300.8,79,37,6.09,AS,1697586851
278,lepsy,46.235,78.9456,281.43,57,0,4.39,KZ,1697587001
279,khanty-mansiysk,61.0042,69.0019,279.21,93,0,4.02,RU,1697587002
280,guerrero negro,27.9769,-114.0611,295.92,65,16,7.6,MX,1697587002
281,mangai,-4.05,19.5333,294.66,99,100,0.86,CD,1697587002
282,fort bragg,35.139,-79.006,290.32,75,100,0.0,US,1697587002
283,tyukhtet,56.5389,89.3011,280.56,88,100,3.22,RU,1697587002
284,coahuayana de hidalgo,18.7,-103.6583,299.62,92,100,1.23,MX,1697587002
285,coquimbo,-29.9533,-71.3436,288.0,77,75,3.6,CL,1697586852
286,ascension,30.2169,-90.9001,293.86,54,0,0.0,US,1697587002
287,mandal,25.45,74.5667,294.8,65,1,1.07,IN,1697586853
288,westport,41.1415,-73.3579,288.02,76,100,0.45,US,1697587003
289,sao paulo de olivenca,-3.3783,-68.8725,300.23,72,79,0.92,BR,1697587003
290,strezhevoy,60.7333,77.5889,280.35,96,33,3.13,RU,1697586853
291,mae ramat,16.984,98.5166,296.33,97,83,0.51,TH,1697587003
292,nova vicosa,-17.8919,-39.3719,296.69,81,45,4.24,BR,1697587003
293,praia da vitoria,38.7333,-27.0667,295.29,83,40,7.28,PT,1697587003
294,fada,9.5667,8.3,293.41,93,96,1.95,NG,1697586770
295,qamdo,31.1667,97.2333,271.01,62,16,2.51,CN,1697587004
296,guiyang,26.5833,106.7167,291.42,77,100,1.0,CN,1697587004
297,novokuybyshevsk,53.0959,49.9462,275.25,77,11,5.75,RU,1697587004
298,hilo,19.7297,-155.09,302.0,72,75,5.14,US,1697587004
299,lages,-27.8161,-50.3261,287.64,99,100,0.35,BR,1697586842
300,nadi,-17.8,177.4167,301.15,65,20,6.17,FJ,1697586854
301,airway heights,47.6446,-117.5933,288.25,42,75,4.12,US,1697587004
302,luderitz,-26.6481,15.1594,292.09,60,1,5.0,NA,1697587004
303,conceicao do araguaia,-8.2578,-49.2647,300.74,31,3,1.18,BR,1697587005
304,weno,7.4515,151.8468,303.12,84,100,2.06,FM,1697586742
305,dire dawa,9.5931,41.8661,295.26,54,37,2.75,ET,1697587005
306,oranjemund,-28.55,16.4333,290.27,80,0,2.71,NA,1697587005
307,al qusayr,34.5091,36.5798,290.39,85,0,0.55,SY,1697586855
308,baekrajan,-6.7674,110.8541,301.4,59,90,3.67,ID,1697586856
309,kashgar,39.4547,75.9797,287.71,33,40,5.0,CN,1697587005
310,salinopolis,-0.6136,-47.3561,298.94,87,67,4.3,BR,1697587005
311,fisterra,42.9049,-9.2629,291.49,90,100,12.14,ES,1697587005
312,liaozhong,41.5061,122.7242,287.54,47,100,5.48,CN,1697587006
313,saurimo,-9.6608,20.3916,292.31,97,97,3.39,AO,1697587006
314,murzuq,25.9155,13.9184,294.9,21,0,1.54,LY,1697587006
315,dungarvan,52.0881,-7.6253,286.79,95,100,7.15,IE,1697587006
316,meadow lakes,61.6247,-149.6011,283.56,61,100,1.54,US,1697586857
317,nacala,-14.5428,40.6728,297.21,89,95,3.78,MZ,1697587006
318,longyearbyen,78.2186,15.6401,268.06,58,20,3.6,SJ,1697586857
319,dakhla,23.6848,-15.958,295.27,82,39,5.14,EH,1697587007
320,santa ana,33.7456,-117.8678,306.96,58,20,3.6,US,1697586970
321,antofagasta,-23.65,-70.4,291.75,81,37,1.06,CL,1697586708
322,kalmunai,7.4167,81.8167,297.91,92,100,3.16,LK,1697587007
323,walvis bay,-22.9575,14.5053,288.2,88,58,4.12,NA,1697587007
324,noumea,-22.2763,166.4572,298.15,99,82,5.07,NC,1697587007
325,alliance,40.9153,-81.1059,282.97,92,97,1.97,US,1697587008
326,altay,47.8667,88.1167,277.22,37,3,2.45,CN,1697586858
327,taoudenni,22.6783,-3.9836,304.41,14,0,4.13,ML,1697586858
328,kayseri,38.737,35.4968,281.16,87,0,2.06,TR,1697587008
329,baise city,23.8997,106.6133,294.39,80,50,0.22,CN,1697586715
330,leitchfield,37.48,-86.2939,285.47,81,83,2.3,US,1697587008
331,port alfred,-33.5906,26.891,288.25,92,0,5.48,ZA,1697587008
332,betio village,1.358,172.9211,303.17,76,100,6.81,KI,1697587008
333,sturgis,41.7992,-85.4192,285.96,82,0,2.57,US,1697587008
334,urengoy,65.9667,78.3667,277.65,95,100,4.92,RU,1697587009
335,colonia,50.9333,6.95,281.09,80,0,2.57,DE,1697587009
336,ataq,14.5377,46.8319,293.04,75,0,3.22,YE,1697587009
337,thabazimbi,-24.5917,27.4116,287.15,59,0,2.66,ZA,1697587009
338,krasnovishersk,60.4078,57.082,277.89,68,79,7.2,RU,1697586860
339,cill airne,52.05,-9.5167,285.93,95,100,6.1,IE,1697587009
340,badger,64.8,-147.5333,275.02,83,40,2.06,US,1697587009
341,lopatinskiy,55.3406,38.7256,278.53,82,100,2.68,RU,1697586860
342,madinat ash shamal,26.1293,51.2009,302.31,72,5,3.66,QA,1697586860
343,kitob,39.0843,66.8332,289.25,35,100,0.98,UZ,1697587010
344,lebu,-37.6167,-73.65,284.15,88,0,5.5,CL,1697587010
345,sabang,5.8933,95.3214,300.59,75,94,6.26,ID,1697587010
346,centerport,40.8854,-73.3762,288.52,83,75,0.0,US,1697587010
347,holualoa,19.6228,-155.9522,300.09,70,20,3.6,US,1697586861
348,nagqu,31.5,92.0,270.43,87,100,1.78,CN,1697587010
349,birao,10.2849,22.7882,296.21,50,100,0.86,CF,1697587010
350,nouadhibou,20.931,-17.0347,297.14,73,5,7.2,MR,1697587011
351,lira,2.235,32.9097,291.16,94,58,0.9,UG,1697587011
352,carnoustie,56.5014,-2.7091,284.2,88,100,6.76,GB,1697587011
353,inhambane,-23.865,35.3833,293.0,93,80,3.63,MZ,1697586862
354,wabrzezno,53.2799,18.9477,277.07,83,11,3.91,PL,1697587011
355,nelson bay,-32.7167,152.15,293.77,54,96,2.68,AU,1697586862
356,tura,25.5198,90.2201,292.45,87,0,1.12,IN,1697587011
357,nadym,65.5333,72.5167,277.46,94,100,5.11,RU,1697587012
358,keflavik,64.0049,-22.5624,284.1,93,100,16.46,IS,1697586863
359,mangrol,21.1167,70.1167,298.46,76,2,4.81,IN,1697587012
360,mount gambier,-37.8333,140.7667,292.06,43,9,2.92,AU,1697587012
361,tutrakan,44.05,26.6167,283.23,76,100,2.79,BG,1697587012
362,gewane,10.1664,40.6453,301.4,39,99,1.09,ET,1697586863
363,oum hadjer,13.2954,19.6966,302.27,18,10,3.45,TD,1697586864
364,akrehamn,59.2667,5.1833,281.16,87,20,2.06,NO,1697586768
365,road town,18.4167,-64.6167,302.2,74,40,2.06,VG,1697586864
366,la passe,45.5549,-0.8967,293.28,79,89,10.58,FR,1697586864
367,kodinsk,58.6881,99.1844,275.06,97,99,2.17,RU,1697587013
368,zaragoza,41.6561,-0.8773,294.4,72,0,4.12,ES,1697587013
369,krasnyy sulin,47.8922,40.0704,274.75,70,83,2.21,RU,1697587013
370,pathein,16.7833,94.7333,297.44,92,80,0.72,MM,1697586865
371,tapejara,-28.0681,-52.0139,288.74,98,96,0.27,BR,1697587013
372,dryden,49.7833,-92.7503,286.31,58,75,3.6,CA,1697586825
373,whakatane,-37.9585,176.9854,294.2,85,99,2.24,NZ,1697587013
374,san kamphaeng,18.7449,99.1195,297.16,99,20,0.51,TH,1697587013
375,remire-montjoly,4.9167,-52.2667,299.17,83,0,1.54,GF,1697586865
376,coyhaique,-45.5752,-72.0662,288.49,51,0,3.6,CL,1697586944
377,lazaro cardenas,17.9583,-102.2,299.92,87,97,1.97,MX,1697586866
378,maintirano,-18.0667,44.0167,298.68,84,85,1.13,MG,1697587014
379,souillac,-20.5167,57.5167,296.36,94,40,0.51,MU,1697587014
380,robore,-18.3333,-59.75,303.75,38,63,1.66,BO,1697587014
381,bereeda,11.8704,51.0579,300.14,78,16,3.73,SO,1697587014
382,magadan,59.5667,150.8,270.83,75,0,4.92,RU,1697587014
383,saipan,15.1355,145.701,301.54,89,20,4.12,MP,1697586866
384,bengkulu,-3.8004,102.2655,296.96,89,100,1.41,ID,1697587015
385,torbat-e jam,35.244,60.6225,287.45,56,0,2.46,IR,1697587015
386,daru,-9.0763,143.2092,300.22,80,81,4.26,PG,1697587015
387,lobujya,27.95,86.8167,263.69,92,82,1.27,NP,1697587015
388,smithers,54.7804,-127.1743,281.33,81,75,3.6,CA,1697587015
389,pacocha,-17.5833,-71.3333,291.18,89,47,1.46,PE,1697587015
390,steamboat springs,40.485,-106.8317,293.92,24,0,5.14,US,1697587015
391,amga,60.8953,131.9608,269.81,52,100,3.13,RU,1697587016
392,saudarkrokur,65.7461,-19.6394,278.44,88,86,4.69,IS,1697586868
393,liepaja,56.5419,21.0367,283.14,87,100,6.17,LV,1697586868
394,mogadishu,2.0371,45.3438,299.39,86,90,4.63,SO,1697587016
395,kuruman,-27.4524,23.4325,289.26,47,0,6.26,ZA,1697587016
396,hawaiian paradise park,19.5933,-154.9731,301.88,74,75,5.14,US,1697587016
397,argo,37.6333,22.7333,293.22,78,73,1.07,GR,1697586740
398,sittwe,20.15,92.9,297.16,85,12,2.56,MM,1697587017
399,satwas,22.5333,76.6833,294.11,65,7,1.75,IN,1697587017
400,oleszyce,50.1675,23.0348,276.19,74,9,2.03,PL,1697586869
401,uyo,5.0333,7.9266,296.96,94,100,1.0,NG,1697586869
402,simplicio mendes,-7.8539,-41.9103,298.44,31,7,2.37,BR,1697587017
403,coos bay,43.3665,-124.2179,293.32,77,0,2.06,US,1697586870
404,pacific grove,36.6177,-121.9166,299.12,81,0,3.6,US,1697587018
405,eilat,29.5581,34.9482,297.06,50,0,2.06,IL,1697587018
406,parit raja,1.8681,103.1124,300.93,78,99,1.83,MY,1697587018
407,turpan,42.9333,89.1667,284.53,29,0,0.67,CN,1697586750
408,nizhneangarsk,55.7833,109.55,276.48,72,98,4.47,RU,1697587018
409,dilling,12.05,29.65,297.42,68,68,0.79,SD,1697586871
410,shaowu,27.3409,117.4831,291.98,78,0,1.26,CN,1697587019
411,rio verde de mato grosso,-18.9181,-54.8442,303.31,39,53,2.08,BR,1697587019
412,ayr,55.4627,-4.6339,284.14,71,20,8.23,GB,1697587019
413,constantia,44.1833,28.65,284.65,63,100,3.65,RO,1697586936
414,katsuren-haebaru,26.3369,127.8719,298.16,64,0,1.54,JP,1697587019
415,tolanaro,-25.0319,46.9987,295.19,94,75,5.14,MG,1697587019
416,thinadhoo,0.5333,72.9333,300.32,78,48,4.99,MV,1697586872
417,itarantim,-15.6597,-40.0656,292.61,85,11,1.39,BR,1697586872
418,nuuk,64.1835,-51.7216,268.08,57,0,7.6,GL,1697587020
419,eraan,9.0629,117.7016,301.22,81,66,0.96,PH,1697587020
420,comandante fontana,-25.3345,-59.6821,299.12,71,47,5.96,AR,1697587020
421,viedma,-40.8135,-62.9967,286.12,49,1,4.13,AR,1697586872
422,pokhara,28.2333,83.9833,289.18,60,1,2.8,NP,1697586913
423,kasulu,-4.5767,30.1025,293.23,71,88,0.93,TZ,1697586873
424,luorong,24.4058,109.6086,295.57,60,91,1.47,CN,1697587020
425,miches,18.9836,-69.0476,299.84,84,10,2.89,DO,1697587021
426,lichtenburg,-26.152,26.1597,285.36,65,0,4.16,ZA,1697587021
427,talcahuano,-36.7167,-73.1167,287.97,67,0,3.6,CL,1697586873
428,nkoteng,4.5167,12.0333,293.8,99,100,0.5,CM,1697586873
429,igrim,63.1906,64.4162,280.38,84,100,4.02,RU,1697587021
430,erenhot,43.6475,111.9767,279.38,28,9,6.18,CN,1697587021
431,taksimo,56.3444,114.8794,271.32,84,84,1.79,RU,1697586874
432,kapuskasing,49.4169,-82.4331,282.2,76,20,1.54,CA,1697587021
433,reggane,26.7158,0.1714,300.71,16,4,3.59,DZ,1697587022
434,sur,22.5667,59.5289,300.57,61,0,5.15,OM,1697587022
435,zhob,31.3411,69.4481,285.57,81,0,0.23,PK,1697587022
436,dinahican,14.7167,121.7167,300.41,83,36,6.69,PH,1697587022
437,dame-marie,18.5667,-74.4167,300.66,76,24,1.58,HT,1697587022
438,yanbu,24.0891,38.0637,298.17,53,0,3.09,SA,1697587022
439,maceio,-9.6658,-35.7353,296.84,83,75,0.51,BR,1697586746
440,tawau,4.2498,117.8871,298.22,94,17,0.89,MY,1697586875
441,lerwick,60.1545,-1.1494,281.15,86,100,3.96,GB,1697587023
442,laojunmiao,39.8333,97.7333,272.73,81,100,2.29,CN,1697586875
443,xiongzhou,25.1167,114.3,295.13,74,95,0.32,CN,1697587023
444,nha trang,12.25,109.1833,300.15,85,100,1.74,VN,1697587023
445,chawang,8.4261,99.5047,299.88,93,100,0.62,TH,1697586876
446,yarmouth,41.7057,-70.2286,285.91,91,0,0.89,US,1697587023
447,sol'-iletsk,51.1631,54.9918,277.41,79,10,4.3,RU,1697587023
448,makueni boma,-1.8041,37.6203,292.27,87,99,2.12,KE,1697586876
449,laibin,23.7,109.2667,296.54,64,98,1.47,CN,1697586876
450,gebeit,21.0667,36.3167,296.6,47,15,2.44,SD,1697587024
451,lankaran,38.7543,48.8506,288.19,100,100,0.0,AZ,1697587024
452,prince rupert,54.3161,-130.3201,285.2,91,100,18.01,CA,1697587024
453,la leonesa,-27.0379,-58.7035,294.16,86,93,5.4,AR,1697587024
454,chimore,-16.9833,-65.1333,298.33,73,84,1.44,BO,1697587024
455,guitiriz,43.1817,-7.8966,290.73,98,100,5.01,ES,1697587024
456,ostrovskoye,57.8057,42.2433,275.36,91,100,5.28,RU,1697587025
457,mahibadhoo,3.7833,72.9667,301.52,69,26,4.32,MV,1697587025
458,north side,19.35,-81.2,302.19,76,75,6.17,KY,1697586878
459,isiro,2.7739,27.616,291.81,98,32,1.06,CD,1697587025
460,vikulovo,56.8167,70.6107,281.74,75,15,4.5,RU,1697587025
461,rongelap,11.1635,166.8941,301.47,76,54,5.7,MH,1697587025
462,zaysan,47.4667,84.8667,277.36,63,6,0.35,KZ,1697587025
463,eydhafushi,5.1033,73.0708,301.41,72,76,4.85,MV,1697587025
464,arraial do cabo,-22.9661,-42.0278,296.05,92,83,4.3,BR,1697586879
465,tindouf,27.6711,-8.1474,299.4,25,0,4.12,DZ,1697586879
466,mairi,-11.7114,-40.1489,294.39,61,84,5.76,BR,1697586879
467,ulladulla,-35.35,150.4667,290.01,58,76,2.32,AU,1697586879
468,jiangyou,31.7667,104.7167,290.82,92,100,1.33,CN,1697587026
469,downpatrick,54.3263,-5.7035,285.41,77,100,11.51,GB,1697586879
470,kargasok,59.0556,80.8572,282.02,92,26,3.13,RU,1697586773
471,salalah,17.0151,54.0924,297.02,84,26,1.2,OM,1697587026
472,geneina,13.45,22.45,297.82,22,41,5.19,SD,1697587026
473,suda,59.1525,37.5582,274.86,88,98,5.62,RU,1697587027
474,kamyshevatskaya,46.4132,37.9563,282.65,50,100,2.74,RU,1697587027
475,wau,7.7029,27.9953,295.38,80,74,1.75,SS,1697586880
476,castillos,-34.1667,-53.8333,282.06,83,8,3.83,UY,1697587027
477,mili,6.0815,171.735,301.44,69,53,0.79,MH,1697587027
478,gaillimh,53.2719,-9.0489,284.13,90,100,9.67,IE,1697587027
479,eagle mountain,40.3141,-112.0069,295.47,33,0,0.89,US,1697586907
480,broken hill,-31.95,141.4333,293.21,25,0,5.18,AU,1697587027
481,hindoria,23.9,79.5667,293.37,81,0,0.71,IN,1697586881
482,borovichi,58.3878,33.9155,277.05,87,63,2.24,RU,1697587028
483,bardsir,29.9227,56.5743,287.07,45,18,2.29,IR,1697587028
484,kobelyaky,49.1489,34.1965,277.0,62,0,2.81,UA,1697587028
485,vila franca do campo,37.7167,-25.4333,294.38,99,70,6.12,PT,1697587028
486,benguela,-12.5763,13.4055,296.44,79,70,2.46,AO,1697587028
487,hithadhoo,-0.6,73.0833,300.39,76,11,5.95,MV,1697587028
488,newman,37.3138,-121.0208,302.34,67,2,4.02,US,1697587029
489,gillette,44.2911,-105.5022,292.66,34,0,3.6,US,1697587029
490,hadibu,12.65,54.0333,300.25,74,2,2.08,YE,1697586883
491,kulhudhuffushi,6.6221,73.07,301.28,74,74,2.78,MV,1697586758
492,zhezqazghan,47.7833,67.7667,281.95,44,68,3.27,KZ,1697586772
493,khuzdar,27.7384,66.6434,289.89,61,2,1.15,PK,1697587029
494,kato achaia,38.15,21.55,291.93,79,48,1.54,GR,1697587029
495,villa gesell,-37.2639,-56.973,282.19,66,0,4.13,AR,1697587029
496,khem karan,31.1428,74.5667,290.2,62,0,2.52,IN,1697586883
497,gaspe,48.8334,-64.4819,280.1,75,100,2.06,CA,1697587030
498,moyynkum,44.2914,72.9469,284.62,46,99,1.67,KZ,1697587030
499,papao,-17.75,-149.55,300.97,81,97,7.93,PF,1697587030
500,murun-kuren,49.6342,100.1625,275.06,54,100,4.0,MN,1697586884
501,santa vitoria do palmar,-33.5189,-53.3681,283.33,82,10,4.21,BR,1697586884
502,yaren,-0.5472,166.916,301.14,80,100,8.1,NR,1697587030
503,al wajh,26.2455,36.4525,295.12,68,0,2.06,SA,1697587030
504,malango,-2.9627,119.9001,297.44,77,73,1.29,ID,1697587031
505,saint-philippe,-21.3585,55.7679,295.92,77,85,2.4,RE,1697587031
506,choma,-16.8065,26.9531,293.58,72,27,1.22,ZM,1697587031
507,alta,69.9689,23.2717,267.74,84,75,1.54,NO,1697586885
508,cidreira,-30.1811,-50.2056,288.88,79,100,5.84,BR,1697586885
509,mora,11.0461,14.1401,300.97,50,97,1.67,CM,1697587031
510,lagunillas,10.1301,-71.2595,300.91,81,96,3.02,VE,1697587032
511,cockburn town,21.4612,-71.1419,302.46,70,23,3.74,TC,1697587032
512,bodo,67.28,14.405,274.69,93,40,2.06,NO,1697586758
513,sangsong-ni,39.1694,126.8856,285.55,52,100,1.97,KP,1697586886
514,margate,51.3813,1.3862,285.32,73,100,3.13,GB,1697586886
515,lijiang,26.8688,100.2207,280.94,84,1,1.81,CN,1697587032
516,meadow lake,34.8014,-106.5436,300.07,30,4,1.78,US,1697587032
517,howrah,22.5892,88.3103,299.15,83,20,0.0,IN,1697587032
518,ongwediva,-17.7833,15.7667,298.13,23,69,5.27,NA,1697587033
519,bennington,42.8781,-73.1968,284.79,86,100,0.0,US,1697586977
520,keetmanshoop,-26.5833,18.1333,295.66,20,0,2.57,NA,1697587033
521,progreso,21.2833,-89.6667,297.4,56,91,4.16,MX,1697586962
522,pandan,14.0453,124.1694,300.32,86,73,4.28,PH,1697586887
523,neunkirchen,49.35,7.1833,280.42,80,0,5.14,DE,1697587033
524,mahavelona,-17.6848,49.5087,296.14,90,68,2.58,MG,1697587033
525,sisak,45.4661,16.3783,280.14,81,99,0.3,HR,1697587033
526,mount isa,-20.7333,139.5,303.02,13,0,7.2,AU,1697587033
527,ben gardane,33.1378,11.2197,298.86,22,4,4.55,TN,1697586888
528,pangody,65.85,74.4859,278.3,95,100,5.17,RU,1697587034
529,howard springs,-12.497,131.047,305.27,38,39,1.6,AU,1697587034
530,sao vicente,-23.9631,-46.3919,300.25,54,100,3.58,BR,1697587034
531,gmunden,47.9189,13.7975,278.07,82,10,1.17,AT,1697587034
532,chiredzi,-21.05,31.6667,292.38,70,98,3.36,ZW,1697587034
533,ambodifotatra,-16.9833,49.85,297.8,78,14,3.95,MG,1697586888
534,dudinka,69.4058,86.1778,272.97,98,100,2.68,RU,1697586889
535,santana,-0.0583,-51.1817,303.25,62,0,3.09,BR,1697587035
536,coulommiers,48.8145,3.085,285.39,61,94,6.12,FR,1697587035
537,todtnau,47.8294,7.9438,281.95,81,100,1.85,DE,1697587035
538,minas de marcona,-15.2119,-75.1103,288.63,84,49,4.65,PE,1697587035
539,taoyuan city,24.9937,121.297,300.38,75,75,4.12,TW,1697587035
540,tshabong,-26.05,22.45,293.79,33,0,7.79,BW,1697587035
541,viveiro,43.6623,-7.5934,291.61,91,98,11.4,ES,1697586890
542,xining,36.6167,101.7667,277.52,78,100,2.13,CN,1697587035
543,arenapolis,-14.4503,-56.8461,303.68,31,9,1.92,BR,1697586890
544,tamanrasset,22.785,5.5228,294.1,18,0,2.57,DZ,1697587036
545,madalena,41.2162,-8.3345,291.18,96,100,6.33,PT,1697587036
546,diyarbakir,37.9158,40.2189,286.14,62,0,0.0,TR,1697587036
547,cadale,2.7603,46.3222,299.62,86,83,4.51,SO,1697587036
548,asamankese,5.8601,-0.6635,296.07,97,93,0.76,GH,1697587036
549,acapulco de juarez,16.8634,-99.8901,300.36,85,100,2.81,MX,1697587036
550,paita,-5.0892,-81.1144,294.34,80,23,7.65,PE,1697587037
551,tocopilla,-22.092,-70.1979,291.58,71,17,0.99,CL,1697587037
552,erbil,36.1926,44.0106,290.05,48,0,1.54,IQ,1697586924
553,kone,-21.0595,164.8658,299.44,67,38,4.06,NC,1697587037
554,wewak,-3.5534,143.6268,302.16,71,84,2.11,PG,1697586891
555,kuhdasht,33.535,47.6061,286.29,51,0,0.97,IR,1697587037
556,eagle river,45.9172,-89.2443,284.06,75,0,0.0,US,1697587037
557,codrington,-38.2667,141.9667,291.74,48,2,3.9,AU,1697587037
558,lander,42.833,-108.7307,296.6,16,0,5.66,US,1697587038
559,anaconda,46.1285,-112.9423,286.7,36,8,3.35,US,1697587038
560,bakanas,44.8081,76.2772,282.03,51,0,0.92,KZ,1697587038
561,i-n-salah,27.1935,2.4607,299.7,17,29,2.25,DZ,1697587038
562,aral,40.5156,81.2636,284.85,33,39,2.75,CN,1697586892
563,sao jose da coroa grande,-8.8978,-35.1478,296.94,82,100,4.15,BR,1697587038
564,akureyri,65.6835,-18.0878,277.11,81,20,2.57,IS,1697587038
565,blenheim,-41.516,173.9528,292.88,61,31,0.45,NZ,1697587015
